iteration,comm_rounds,train_loss,train_accuracy,test_loss,test_accuracy
0.0,0.0,3.969371349175909,0.019682133352118922,3.9693890270223684,0.019489438177136924
5.0,15.0,2.0257796821137246,0.4136482819992976,2.0246476884528475,0.41345450990069044
20.0,60.0,1.702106255410295,0.503520225758563,1.7013397775844323,0.5035081919891239
40.0,120.0,1.6109795421746462,0.5279478782818232,1.6114800562225482,0.5273764683424665
60.0,180.0,1.5486983024494643,0.5432351682777725,1.551556113486762,0.5422449635213216
80.0,240.0,1.5251268240065219,0.5496807140733404,1.528758885635128,0.5486514295824158
100.0,300.0,1.506288756397998,0.5538002484255847,1.511481650260336,0.5525926167340991
120.0,360.0,1.479290276308791,0.5615935910757408,1.4853472371261136,0.5599442227736832
140.0,420.0,1.470173193375303,0.5640726670734575,1.476670060708219,0.5624141575450571
160.0,480.0,1.458300233710933,0.5677583890253491,1.4658346216095883,0.5658222485019764
180.0,540.0,1.4540885459234094,0.5687252079450604,1.4620484502190074,0.5666463360694282
200.0,600.0,1.449321820626577,0.5694760271382678,1.4571867536627012,0.567507670532584
